vertices
0.000000, 0.000000, 250.000000
250.000000, 0.000000, 250.000000
237.764129, 77.254249, 250.000000
202.254249, 146.946313, 250.000000
146.946313, 202.254249, 250.000000
77.254249, 237.764129, 250.000000
0.000000, 250.000000, 250.000000
-77.254249, 237.764129, 250.000000
-146.946313, 202.254249, 250.000000
-202.254249, 146.946313, 250.000000
-237.764129, 77.254249, 250.000000
-250.000000, 0.000000, 250.000000
-237.764129, -77.254249, 250.000000
-202.254249, -146.946313, 250.000000
-146.946313, -202.254249, 250.000000
-77.254249, -237.764129, 250.000000
-0.000000, -250.000000, 250.000000
77.254249, -237.764129, 250.000000
146.946313, -202.254249, 250.000000
202.254249, -146.946313, 250.000000
237.764129, -77.254249, 250.000000
240.000000, 0.000000, 240.000000
228.253564, 74.164079, 240.000000
194.164079, 141.068461, 240.000000
141.068461, 194.164079, 240.000000
74.164079, 228.253564, 240.000000
0.000000, 240.000000, 240.000000
-74.164079, 228.253564, 240.000000
-141.068461, 194.164079, 240.000000
-194.164079, 141.068461, 240.000000
-228.253564, 74.164079, 240.000000
-240.000000, 0.000000, 240.000000
-228.253564, -74.164079, 240.000000
-194.164079, -141.068461, 240.000000
-141.068461, -194.164079, 240.000000
-74.164079, -228.253564, 240.000000
-0.000000, -240.000000, 240.000000
74.164079, -228.253564, 240.000000
141.068461, -194.164079, 240.000000
194.164079, -141.068461, 240.000000
228.253564, -74.164079, 240.000000
230.000000, 0.000000, 230.000000
218.742999, 71.073909, 230.000000
186.073909, 135.190608, 230.000000
135.190608, 186.073909, 230.000000
71.073909, 218.742999, 230.000000
0.000000, 230.000000, 230.000000
-71.073909, 218.742999, 230.000000
-135.190608, 186.073909, 230.000000
-186.073909, 135.190608, 230.000000
-218.742999, 71.073909, 230.000000
-230.000000, 0.000000, 230.000000
-218.742999, -71.073909, 230.000000
-186.073909, -135.190608, 230.000000
-135.190608, -186.073909, 230.000000
-71.073909, -218.742999, 230.000000
-0.000000, -230.000000, 230.000000
71.073909, -218.742999, 230.000000
135.190608, -186.073909, 230.000000
186.073909, -135.190608, 230.000000
218.742999, -71.073909, 230.000000
220.000000, 0.000000, 220.000000
209.232434, 67.983739, 220.000000
177.983739, 129.312756, 220.000000
129.312756, 177.983739, 220.000000
67.983739, 209.232434, 220.000000
0.000000, 220.000000, 220.000000
-67.983739, 209.232434, 220.000000
-129.312756, 177.983739, 220.000000
-177.983739, 129.312756, 220.000000
-209.232434, 67.983739, 220.000000
-220.000000, 0.000000, 220.000000
-209.232434, -67.983739, 220.000000
-177.983739, -129.312756, 220.000000
-129.312756, -177.983739, 220.000000
-67.983739, -209.232434, 220.000000
-0.000000, -220.000000, 220.000000
67.983739, -209.232434, 220.000000
129.312756, -177.983739, 220.000000
177.983739, -129.312756, 220.000000
209.232434, -67.983739, 220.000000
210.000000, 0.000000, 210.000000
199.721868, 64.893569, 210.000000
169.893569, 123.434903, 210.000000
123.434903, 169.893569, 210.000000
64.893569, 199.721868, 210.000000
0.000000, 210.000000, 210.000000
-64.893569, 199.721868, 210.000000
-123.434903, 169.893569, 210.000000
-169.893569, 123.434903, 210.000000
-199.721868, 64.893569, 210.000000
-210.000000, 0.000000, 210.000000
-199.721868, -64.893569, 210.000000
-169.893569, -123.434903, 210.000000
-123.434903, -169.893569, 210.000000
-64.893569, -199.721868, 210.000000
-0.000000, -210.000000, 210.000000
64.893569, -199.721868, 210.000000
123.434903, -169.893569, 210.000000
169.893569, -123.434903, 210.000000
199.721868, -64.893569, 210.000000
200.000000, 0.000000, 200.000000
190.211303, 61.803399, 200.000000
161.803399, 117.557050, 200.000000
117.557050, 161.803399, 200.000000
61.803399, 190.211303, 200.000000
0.000000, 200.000000, 200.000000
-61.803399, 190.211303, 200.000000
-117.557050, 161.803399, 200.000000
-161.803399, 117.557050, 200.000000
-190.211303, 61.803399, 200.000000
-200.000000, 0.000000, 200.000000
-190.211303, -61.803399, 200.000000
-161.803399, -117.557050, 200.000000
-117.557050, -161.803399, 200.000000
-61.803399, -190.211303, 200.000000
-0.000000, -200.000000, 200.000000
61.803399, -190.211303, 200.000000
117.557050, -161.803399, 200.000000
161.803399, -117.557050, 200.000000
190.211303, -61.803399, 200.000000
190.000000, 0.000000, 190.000000
180.700738, 58.713229, 190.000000
153.713229, 111.679198, 190.000000
111.679198, 153.713229, 190.000000
58.713229, 180.700738, 190.000000
0.000000, 190.000000, 190.000000
-58.713229, 180.700738, 190.000000
-111.679198, 153.713229, 190.000000
-153.713229, 111.679198, 190.000000
-180.700738, 58.713229, 190.000000
-190.000000, 0.000000, 190.000000
-180.700738, -58.713229, 190.000000
-153.713229, -111.679198, 190.000000
-111.679198, -153.713229, 190.000000
-58.713229, -180.700738, 190.000000
-0.000000, -190.000000, 190.000000
58.713229, -180.700738, 190.000000
111.679198, -153.713229, 190.000000
153.713229, -111.679198, 190.000000
180.700738, -58.713229, 190.000000
180.000000, 0.000000, 180.000000
171.190173, 55.623059, 180.000000
145.623059, 105.801345, 180.000000
105.801345, 145.623059, 180.000000
55.623059, 171.190173, 180.000000
0.000000, 180.000000, 180.000000
-55.623059, 171.190173, 180.000000
-105.801345, 145.623059, 180.000000
-145.623059, 105.801345, 180.000000
-171.190173, 55.623059, 180.000000
-180.000000, 0.000000, 180.000000
-171.190173, -55.623059, 180.000000
-145.623059, -105.801345, 180.000000
-105.801345, -145.623059, 180.000000
-55.623059, -171.190173, 180.000000
-0.000000, -180.000000, 180.000000
55.623059, -171.190173, 180.000000
105.801345, -145.623059, 180.000000
145.623059, -105.801345, 180.000000
171.190173, -55.623059, 180.000000
170.000000, 0.000000, 170.000000
161.679608, 52.532889, 170.000000
137.532889, 99.923493, 170.000000
99.923493, 137.532889, 170.000000
52.532889, 161.679608, 170.000000
0.000000, 170.000000, 170.000000
-52.532889, 161.679608, 170.000000
-99.923493, 137.532889, 170.000000
-137.532889, 99.923493, 170.000000
-161.679608, 52.532889, 170.000000
-170.000000, 0.000000, 170.000000
-161.679608, -52.532889, 170.000000
-137.532889, -99.923493, 170.000000
-99.923493, -137.532889, 170.000000
-52.532889, -161.679608, 170.000000
-0.000000, -170.000000, 170.000000
52.532889, -161.679608, 170.000000
99.923493, -137.532889, 170.000000
137.532889, -99.923493, 170.000000
161.679608, -52.532889, 170.000000
160.000000, 0.000000, 160.000000
152.169043, 49.442719, 160.000000
129.442719, 94.045640, 160.000000
94.045640, 129.442719, 160.000000
49.442719, 152.169043, 160.000000
0.000000, 160.000000, 160.000000
-49.442719, 152.169043, 160.000000
-94.045640, 129.442719, 160.000000
-129.442719, 94.045640, 160.000000
-152.169043, 49.442719, 160.000000
-160.000000, 0.000000, 160.000000
-152.169043, -49.442719, 160.000000
-129.442719, -94.045640, 160.000000
-94.045640, -129.442719, 160.000000
-49.442719, -152.169043, 160.000000
-0.000000, -160.000000, 160.000000
49.442719, -152.169043, 160.000000
94.045640, -129.442719, 160.000000
129.442719, -94.045640, 160.000000
152.169043, -49.442719, 160.000000
150.000000, 0.000000, 150.000000
142.658477, 46.352549, 150.000000
121.352549, 88.167788, 150.000000
88.167788, 121.352549, 150.000000
46.352549, 142.658477, 150.000000
0.000000, 150.000000, 150.000000
-46.352549, 142.658477, 150.000000
-88.167788, 121.352549, 150.000000
-121.352549, 88.167788, 150.000000
-142.658477, 46.352549, 150.000000
-150.000000, 0.000000, 150.000000
-142.658477, -46.352549, 150.000000
-121.352549, -88.167788, 150.000000
-88.167788, -121.352549, 150.000000
-46.352549, -142.658477, 150.000000
-0.000000, -150.000000, 150.000000
46.352549, -142.658477, 150.000000
88.167788, -121.352549, 150.000000
121.352549, -88.167788, 150.000000
142.658477, -46.352549, 150.000000
140.000000, 0.000000, 140.000000
133.147912, 43.262379, 140.000000
113.262379, 82.289935, 140.000000
82.289935, 113.262379, 140.000000
43.262379, 133.147912, 140.000000
0.000000, 140.000000, 140.000000
-43.262379, 133.147912, 140.000000
-82.289935, 113.262379, 140.000000
-113.262379, 82.289935, 140.000000
-133.147912, 43.262379, 140.000000
-140.000000, 0.000000, 140.000000
-133.147912, -43.262379, 140.000000
-113.262379, -82.289935, 140.000000
-82.289935, -113.262379, 140.000000
-43.262379, -133.147912, 140.000000
-0.000000, -140.000000, 140.000000
43.262379, -133.147912, 140.000000
82.289935, -113.262379, 140.000000
113.262379, -82.289935, 140.000000
133.147912, -43.262379, 140.000000
130.000000, 0.000000, 130.000000
123.637347, 40.172209, 130.000000
105.172209, 76.412083, 130.000000
76.412083, 105.172209, 130.000000
40.172209, 123.637347, 130.000000
0.000000, 130.000000, 130.000000
-40.172209, 123.637347, 130.000000
-76.412083, 105.172209, 130.000000
-105.172209, 76.412083, 130.000000
-123.637347, 40.172209, 130.000000
-130.000000, 0.000000, 130.000000
-123.637347, -40.172209, 130.000000
-105.172209, -76.412083, 130.000000
-76.412083, -105.172209, 130.000000
-40.172209, -123.637347, 130.000000
-0.000000, -130.000000, 130.000000
40.172209, -123.637347, 130.000000
76.412083, -105.172209, 130.000000
105.172209, -76.412083, 130.000000
123.637347, -40.172209, 130.000000
120.000000, 0.000000, 120.000000
114.126782, 37.082039, 120.000000
97.082039, 70.534230, 120.000000
70.534230, 97.082039, 120.000000
37.082039, 114.126782, 120.000000
0.000000, 120.000000, 120.000000
-37.082039, 114.126782, 120.000000
-70.534230, 97.082039, 120.000000
-97.082039, 70.534230, 120.000000
-114.126782, 37.082039, 120.000000
-120.000000, 0.000000, 120.000000
-114.126782, -37.082039, 120.000000
-97.082039, -70.534230, 120.000000
-70.534230, -97.082039, 120.000000
-37.082039, -114.126782, 120.000000
-0.000000, -120.000000, 120.000000
37.082039, -114.126782, 120.000000
70.534230, -97.082039, 120.000000
97.082039, -70.534230, 120.000000
114.126782, -37.082039, 120.000000
110.000000, 0.000000, 110.000000
104.616217, 33.991869, 110.000000
88.991869, 64.656378, 110.000000
64.656378, 88.991869, 110.000000
33.991869, 104.616217, 110.000000
0.000000, 110.000000, 110.000000
-33.991869, 104.616217, 110.000000
-64.656378, 88.991869, 110.000000
-88.991869, 64.656378, 110.000000
-104.616217, 33.991869, 110.000000
-110.000000, 0.000000, 110.000000
-104.616217, -33.991869, 110.000000
-88.991869, -64.656378, 110.000000
-64.656378, -88.991869, 110.000000
-33.991869, -104.616217, 110.000000
-0.000000, -110.000000, 110.000000
33.991869, -104.616217, 110.000000
64.656378, -88.991869, 110.000000
88.991869, -64.656378, 110.000000
104.616217, -33.991869, 110.000000
100.000000, 0.000000, 100.000000
95.105652, 30.901699, 100.000000
80.901699, 58.778525, 100.000000
58.778525, 80.901699, 100.000000
30.901699, 95.105652, 100.000000
0.000000, 100.000000, 100.000000
-30.901699, 95.105652, 100.000000
-58.778525, 80.901699, 100.000000
-80.901699, 58.778525, 100.000000
-95.105652, 30.901699, 100.000000
-100.000000, 0.000000, 100.000000
-95.105652, -30.901699, 100.000000
-80.901699, -58.778525, 100.000000
-58.778525, -80.901699, 100.000000
-30.901699, -95.105652, 100.000000
-0.000000, -100.000000, 100.000000
30.901699, -95.105652, 100.000000
58.778525, -80.901699, 100.000000
80.901699, -58.778525, 100.000000
95.105652, -30.901699, 100.000000
90.000000, 0.000000, 90.000000
85.595086, 27.811529, 90.000000
72.811529, 52.900673, 90.000000
52.900673, 72.811529, 90.000000
27.811529, 85.595086, 90.000000
0.000000, 90.000000, 90.000000
-27.811529, 85.595086, 90.000000
-52.900673, 72.811529, 90.000000
-72.811529, 52.900673, 90.000000
-85.595086, 27.811529, 90.000000
-90.000000, 0.000000, 90.000000
-85.595086, -27.811529, 90.000000
-72.811529, -52.900673, 90.000000
-52.900673, -72.811529, 90.000000
-27.811529, -85.595086, 90.000000
-0.000000, -90.000000, 90.000000
27.811529, -85.595086, 90.000000
52.900673, -72.811529, 90.000000
72.811529, -52.900673, 90.000000
85.595086, -27.811529, 90.000000
80.000000, 0.000000, 80.000000
76.084521, 24.721360, 80.000000
64.721360, 47.022820, 80.000000
47.022820, 64.721360, 80.000000
24.721360, 76.084521, 80.000000
0.000000, 80.000000, 80.000000
-24.721360, 76.084521, 80.000000
-47.022820, 64.721360, 80.000000
-64.721360, 47.022820, 80.000000
-76.084521, 24.721360, 80.000000
-80.000000, 0.000000, 80.000000
-76.084521, -24.721360, 80.000000
-64.721360, -47.022820, 80.000000
-47.022820, -64.721360, 80.000000
-24.721360, -76.084521, 80.000000
-0.000000, -80.000000, 80.000000
24.721360, -76.084521, 80.000000
47.022820, -64.721360, 80.000000
64.721360, -47.022820, 80.000000
76.084521, -24.721360, 80.000000
70.000000, 0.000000, 70.000000
66.573956, 21.631190, 70.000000
56.631190, 41.144968, 70.000000
41.144968, 56.631190, 70.000000
21.631190, 66.573956, 70.000000
0.000000, 70.000000, 70.000000
-21.631190, 66.573956, 70.000000
-41.144968, 56.631190, 70.000000
-56.631190, 41.144968, 70.000000
-66.573956, 21.631190, 70.000000
-70.000000, 0.000000, 70.000000
-66.573956, -21.631190, 70.000000
-56.631190, -41.144968, 70.000000
-41.144968, -56.631190, 70.000000
-21.631190, -66.573956, 70.000000
-0.000000, -70.000000, 70.000000
21.631190, -66.573956, 70.000000
41.144968, -56.631190, 70.000000
56.631190, -41.144968, 70.000000
66.573956, -21.631190, 70.000000
60.000000, 0.000000, 60.000000
57.063391, 18.541020, 60.000000
48.541020, 35.267115, 60.000000
35.267115, 48.541020, 60.000000
18.541020, 57.063391, 60.000000
0.000000, 60.000000, 60.000000
-18.541020, 57.063391, 60.000000
-35.267115, 48.541020, 60.000000
-48.541020, 35.267115, 60.000000
-57.063391, 18.541020, 60.000000
-60.000000, 0.000000, 60.000000
-57.063391, -18.541020, 60.000000
-48.541020, -35.267115, 60.000000
-35.267115, -48.541020, 60.000000
-18.541020, -57.063391, 60.000000
-0.000000, -60.000000, 60.000000
18.541020, -57.063391, 60.000000
35.267115, -48.541020, 60.000000
48.541020, -35.267115, 60.000000
57.063391, -18.541020, 60.000000
50.000000, 0.000000, 50.000000
47.552826, 15.450850, 50.000000
40.450850, 29.389263, 50.000000
29.389263, 40.450850, 50.000000
15.450850, 47.552826, 50.000000
0.000000, 50.000000, 50.000000
-15.450850, 47.552826, 50.000000
-29.389263, 40.450850, 50.000000
-40.450850, 29.389263, 50.000000
-47.552826, 15.450850, 50.000000
-50.000000, 0.000000, 50.000000
-47.552826, -15.450850, 50.000000
-40.450850, -29.389263, 50.000000
-29.389263, -40.450850, 50.000000
-15.450850, -47.552826, 50.000000
-0.000000, -50.000000, 50.000000
15.450850, -47.552826, 50.000000
29.389263, -40.450850, 50.000000
40.450850, -29.389263, 50.000000
47.552826, -15.450850, 50.000000
40.000000, 0.000000, 40.000000
38.042261, 12.360680, 40.000000
32.360680, 23.511410, 40.000000
23.511410, 32.360680, 40.000000
12.360680, 38.042261, 40.000000
0.000000, 40.000000, 40.000000
-12.360680, 38.042261, 40.000000
-23.511410, 32.360680, 40.000000
-32.360680, 23.511410, 40.000000
-38.042261, 12.360680, 40.000000
-40.000000, 0.000000, 40.000000
-38.042261, -12.360680, 40.000000
-32.360680, -23.511410, 40.000000
-23.511410, -32.360680, 40.000000
-12.360680, -38.042261, 40.000000
-0.000000, -40.000000, 40.000000
12.360680, -38.042261, 40.000000
23.511410, -32.360680, 40.000000
32.360680, -23.511410, 40.000000
38.042261, -12.360680, 40.000000
30.000000, 0.000000, 30.000000
28.531695, 9.270510, 30.000000
24.270510, 17.633558, 30.000000
17.633558, 24.270510, 30.000000
9.270510, 28.531695, 30.000000
0.000000, 30.000000, 30.000000
-9.270510, 28.531695, 30.000000
-17.633558, 24.270510, 30.000000
-24.270510, 17.633558, 30.000000
-28.531695, 9.270510, 30.000000
-30.000000, 0.000000, 30.000000
-28.531695, -9.270510, 30.000000
-24.270510, -17.633558, 30.000000
-17.633558, -24.270510, 30.000000
-9.270510, -28.531695, 30.000000
-0.000000, -30.000000, 30.000000
9.270510, -28.531695, 30.000000
17.633558, -24.270510, 30.000000
24.270510, -17.633558, 30.000000
28.531695, -9.270510, 30.000000
20.000000, 0.000000, 20.000000
19.021130, 6.180340, 20.000000
16.180340, 11.755705, 20.000000
11.755705, 16.180340, 20.000000
6.180340, 19.021130, 20.000000
0.000000, 20.000000, 20.000000
-6.180340, 19.021130, 20.000000
-11.755705, 16.180340, 20.000000
-16.180340, 11.755705, 20.000000
-19.021130, 6.180340, 20.000000
-20.000000, 0.000000, 20.000000
-19.021130, -6.180340, 20.000000
-16.180340, -11.755705, 20.000000
-11.755705, -16.180340, 20.000000
-6.180340, -19.021130, 20.000000
-0.000000, -20.000000, 20.000000
6.180340, -19.021130, 20.000000
11.755705, -16.180340, 20.000000
16.180340, -11.755705, 20.000000
19.021130, -6.180340, 20.000000
10.000000, 0.000000, 10.000000
9.510565, 3.090170, 10.000000
8.090170, 5.877853, 10.000000
5.877853, 8.090170, 10.000000
3.090170, 9.510565, 10.000000
0.000000, 10.000000, 10.000000
-3.090170, 9.510565, 10.000000
-5.877853, 8.090170, 10.000000
-8.090170, 5.877853, 10.000000
-9.510565, 3.090170, 10.000000
-10.000000, 0.000000, 10.000000
-9.510565, -3.090170, 10.000000
-8.090170, -5.877853, 10.000000
-5.877853, -8.090170, 10.000000
-3.090170, -9.510565, 10.000000
-0.000000, -10.000000, 10.000000
3.090170, -9.510565, 10.000000
5.877853, -8.090170, 10.000000
8.090170, -5.877853, 10.000000
9.510565, -3.090170, 10.000000
0.000000, 0.000000, 0.000000
0.000000, 0.000000, 0.000000
0.000000, 0.000000, 0.000000
0.000000, 0.000000, 0.000000
0.000000, 0.000000, 0.000000
0.000000, 0.000000, 0.000000
0.000000, 0.000000, 0.000000
0.000000, 0.000000, 0.000000
0.000000, 0.000000, 0.000000
0.000000, 0.000000, 0.000000
0.000000, 0.000000, 0.000000
0.000000, 0.000000, 0.000000
0.000000, 0.000000, 0.000000
0.000000, 0.000000, 0.000000
0.000000, 0.000000, 0.000000
0.000000, 0.000000, 0.000000
0.000000, 0.000000, 0.000000
0.000000, 0.000000, 0.000000
0.000000, 0.000000, 0.000000
0.000000, 0.000000, 0.000000
-10.000000, 0.000000, -10.000000
-9.510565, -3.090170, -10.000000
-8.090170, -5.877853, -10.000000
-5.877853, -8.090170, -10.000000
-3.090170, -9.510565, -10.000000
-0.000000, -10.000000, -10.000000
3.090170, -9.510565, -10.000000
5.877853, -8.090170, -10.000000
8.090170, -5.877853, -10.000000
9.510565, -3.090170, -10.000000
10.000000, -0.000000, -10.000000
9.510565, 3.090170, -10.000000
8.090170, 5.877853, -10.000000
5.877853, 8.090170, -10.000000
3.090170, 9.510565, -10.000000
0.000000, 10.000000, -10.000000
-3.090170, 9.510565, -10.000000
-5.877853, 8.090170, -10.000000
-8.090170, 5.877853, -10.000000
-9.510565, 3.090170, -10.000000
-20.000000, 0.000000, -20.000000
-19.021130, -6.180340, -20.000000
-16.180340, -11.755705, -20.000000
-11.755705, -16.180340, -20.000000
-6.180340, -19.021130, -20.000000
-0.000000, -20.000000, -20.000000
6.180340, -19.021130, -20.000000
11.755705, -16.180340, -20.000000
16.180340, -11.755705, -20.000000
19.021130, -6.180340, -20.000000
20.000000, -0.000000, -20.000000
19.021130, 6.180340, -20.000000
16.180340, 11.755705, -20.000000
11.755705, 16.180340, -20.000000
6.180340, 19.021130, -20.000000
0.000000, 20.000000, -20.000000
-6.180340, 19.021130, -20.000000
-11.755705, 16.180340, -20.000000
-16.180340, 11.755705, -20.000000
-19.021130, 6.180340, -20.000000
-30.000000, 0.000000, -30.000000
-28.531695, -9.270510, -30.000000
-24.270510, -17.633558, -30.000000
-17.633558, -24.270510, -30.000000
-9.270510, -28.531695, -30.000000
-0.000000, -30.000000, -30.000000
9.270510, -28.531695, -30.000000
17.633558, -24.270510, -30.000000
24.270510, -17.633558, -30.000000
28.531695, -9.270510, -30.000000
30.000000, -0.000000, -30.000000
28.531695, 9.270510, -30.000000
24.270510, 17.633558, -30.000000
17.633558, 24.270510, -30.000000
9.270510, 28.531695, -30.000000
0.000000, 30.000000, -30.000000
-9.270510, 28.531695, -30.000000
-17.633558, 24.270510, -30.000000
-24.270510, 17.633558, -30.000000
-28.531695, 9.270510, -30.000000
-40.000000, 0.000000, -40.000000
-38.042261, -12.360680, -40.000000
-32.360680, -23.511410, -40.000000
-23.511410, -32.360680, -40.000000
-12.360680, -38.042261, -40.000000
-0.000000, -40.000000, -40.000000
12.360680, -38.042261, -40.000000
23.511410, -32.360680, -40.000000
32.360680, -23.511410, -40.000000
38.042261, -12.360680, -40.000000
40.000000, -0.000000, -40.000000
38.042261, 12.360680, -40.000000
32.360680, 23.511410, -40.000000
23.511410, 32.360680, -40.000000
12.360680, 38.042261, -40.000000
0.000000, 40.000000, -40.000000
-12.360680, 38.042261, -40.000000
-23.511410, 32.360680, -40.000000
-32.360680, 23.511410, -40.000000
-38.042261, 12.360680, -40.000000
-50.000000, 0.000000, -50.000000
-47.552826, -15.450850, -50.000000
-40.450850, -29.389263, -50.000000
-29.389263, -40.450850, -50.000000
-15.450850, -47.552826, -50.000000
-0.000000, -50.000000, -50.000000
15.450850, -47.552826, -50.000000
29.389263, -40.450850, -50.000000
40.450850, -29.389263, -50.000000
47.552826, -15.450850, -50.000000
50.000000, -0.000000, -50.000000
47.552826, 15.450850, -50.000000
40.450850, 29.389263, -50.000000
29.389263, 40.450850, -50.000000
15.450850, 47.552826, -50.000000
0.000000, 50.000000, -50.000000
-15.450850, 47.552826, -50.000000
-29.389263, 40.450850, -50.000000
-40.450850, 29.389263, -50.000000
-47.552826, 15.450850, -50.000000
-60.000000, 0.000000, -60.000000
-57.063391, -18.541020, -60.000000
-48.541020, -35.267115, -60.000000
-35.267115, -48.541020, -60.000000
-18.541020, -57.063391, -60.000000
-0.000000, -60.000000, -60.000000
18.541020, -57.063391, -60.000000
35.267115, -48.541020, -60.000000
48.541020, -35.267115, -60.000000
57.063391, -18.541020, -60.000000
60.000000, -0.000000, -60.000000
57.063391, 18.541020, -60.000000
48.541020, 35.267115, -60.000000
35.267115, 48.541020, -60.000000
18.541020, 57.063391, -60.000000
0.000000, 60.000000, -60.000000
-18.541020, 57.063391, -60.000000
-35.267115, 48.541020, -60.000000
-48.541020, 35.267115, -60.000000
-57.063391, 18.541020, -60.000000
-70.000000, 0.000000, -70.000000
-66.573956, -21.631190, -70.000000
-56.631190, -41.144968, -70.000000
-41.144968, -56.631190, -70.000000
-21.631190, -66.573956, -70.000000
-0.000000, -70.000000, -70.000000
21.631190, -66.573956, -70.000000
41.144968, -56.631190, -70.000000
56.631190, -41.144968, -70.000000
66.573956, -21.631190, -70.000000
70.000000, -0.000000, -70.000000
66.573956, 21.631190, -70.000000
56.631190, 41.144968, -70.000000
41.144968, 56.631190, -70.000000
21.631190, 66.573956, -70.000000
0.000000, 70.000000, -70.000000
-21.631190, 66.573956, -70.000000
-41.144968, 56.631190, -70.000000
-56.631190, 41.144968, -70.000000
-66.573956, 21.631190, -70.000000
-80.000000, 0.000000, -80.000000
-76.084521, -24.721360, -80.000000
-64.721360, -47.022820, -80.000000
-47.022820, -64.721360, -80.000000
-24.721360, -76.084521, -80.000000
-0.000000, -80.000000, -80.000000
24.721360, -76.084521, -80.000000
47.022820, -64.721360, -80.000000
64.721360, -47.022820, -80.000000
76.084521, -24.721360, -80.000000
80.000000, -0.000000, -80.000000
76.084521, 24.721360, -80.000000
64.721360, 47.022820, -80.000000
47.022820, 64.721360, -80.000000
24.721360, 76.084521, -80.000000
0.000000, 80.000000, -80.000000
-24.721360, 76.084521, -80.000000
-47.022820, 64.721360, -80.000000
-64.721360, 47.022820, -80.000000
-76.084521, 24.721360, -80.000000
-90.000000, 0.000000, -90.000000
-85.595086, -27.811529, -90.000000
-72.811529, -52.900673, -90.000000
-52.900673, -72.811529, -90.000000
-27.811529, -85.595086, -90.000000
-0.000000, -90.000000, -90.000000
27.811529, -85.595086, -90.000000
52.900673, -72.811529, -90.000000
72.811529, -52.900673, -90.000000
85.595086, -27.811529, -90.000000
90.000000, -0.000000, -90.000000
85.595086, 27.811529, -90.000000
72.811529, 52.900673, -90.000000
52.900673, 72.811529, -90.000000
27.811529, 85.595086, -90.000000
0.000000, 90.000000, -90.000000
-27.811529, 85.595086, -90.000000
-52.900673, 72.811529, -90.000000
-72.811529, 52.900673, -90.000000
-85.595086, 27.811529, -90.000000
-100.000000, 0.000000, -100.000000
-95.105652, -30.901699, -100.000000
-80.901699, -58.778525, -100.000000
-58.778525, -80.901699, -100.000000
-30.901699, -95.105652, -100.000000
-0.000000, -100.000000, -100.000000
30.901699, -95.105652, -100.000000
58.778525, -80.901699, -100.000000
80.901699, -58.778525, -100.000000
95.105652, -30.901699, -100.000000
100.000000, -0.000000, -100.000000
95.105652, 30.901699, -100.000000
80.901699, 58.778525, -100.000000
58.778525, 80.901699, -100.000000
30.901699, 95.105652, -100.000000
0.000000, 100.000000, -100.000000
-30.901699, 95.105652, -100.000000
-58.778525, 80.901699, -100.000000
-80.901699, 58.778525, -100.000000
-95.105652, 30.901699, -100.000000
-110.000000, 0.000000, -110.000000
-104.616217, -33.991869, -110.000000
-88.991869, -64.656378, -110.000000
-64.656378, -88.991869, -110.000000
-33.991869, -104.616217, -110.000000
-0.000000, -110.000000, -110.000000
33.991869, -104.616217, -110.000000
64.656378, -88.991869, -110.000000
88.991869, -64.656378, -110.000000
104.616217, -33.991869, -110.000000
110.000000, -0.000000, -110.000000
104.616217, 33.991869, -110.000000
88.991869, 64.656378, -110.000000
64.656378, 88.991869, -110.000000
33.991869, 104.616217, -110.000000
0.000000, 110.000000, -110.000000
-33.991869, 104.616217, -110.000000
-64.656378, 88.991869, -110.000000
-88.991869, 64.656378, -110.000000
-104.616217, 33.991869, -110.000000
-120.000000, 0.000000, -120.000000
-114.126782, -37.082039, -120.000000
-97.082039, -70.534230, -120.000000
-70.534230, -97.082039, -120.000000
-37.082039, -114.126782, -120.000000
-0.000000, -120.000000, -120.000000
37.082039, -114.126782, -120.000000
70.534230, -97.082039, -120.000000
97.082039, -70.534230, -120.000000
114.126782, -37.082039, -120.000000
120.000000, -0.000000, -120.000000
114.126782, 37.082039, -120.000000
97.082039, 70.534230, -120.000000
70.534230, 97.082039, -120.000000
37.082039, 114.126782, -120.000000
0.000000, 120.000000, -120.000000
-37.082039, 114.126782, -120.000000
-70.534230, 97.082039, -120.000000
-97.082039, 70.534230, -120.000000
-114.126782, 37.082039, -120.000000
-130.000000, 0.000000, -130.000000
-123.637347, -40.172209, -130.000000
-105.172209, -76.412083, -130.000000
-76.412083, -105.172209, -130.000000
-40.172209, -123.637347, -130.000000
-0.000000, -130.000000, -130.000000
40.172209, -123.637347, -130.000000
76.412083, -105.172209, -130.000000
105.172209, -76.412083, -130.000000
123.637347, -40.172209, -130.000000
130.000000, -0.000000, -130.000000
123.637347, 40.172209, -130.000000
105.172209, 76.412083, -130.000000
76.412083, 105.172209, -130.000000
40.172209, 123.637347, -130.000000
0.000000, 130.000000, -130.000000
-40.172209, 123.637347, -130.000000
-76.412083, 105.172209, -130.000000
-105.172209, 76.412083, -130.000000
-123.637347, 40.172209, -130.000000
-140.000000, 0.000000, -140.000000
-133.147912, -43.262379, -140.000000
-113.262379, -82.289935, -140.000000
-82.289935, -113.262379, -140.000000
-43.262379, -133.147912, -140.000000
-0.000000, -140.000000, -140.000000
43.262379, -133.147912, -140.000000
82.289935, -113.262379, -140.000000
113.262379, -82.289935, -140.000000
133.147912, -43.262379, -140.000000
140.000000, -0.000000, -140.000000
133.147912, 43.262379, -140.000000
113.262379, 82.289935, -140.000000
82.289935, 113.262379, -140.000000
43.262379, 133.147912, -140.000000
0.000000, 140.000000, -140.000000
-43.262379, 133.147912, -140.000000
-82.289935, 113.262379, -140.000000
-113.262379, 82.289935, -140.000000
-133.147912, 43.262379, -140.000000
-150.000000, 0.000000, -150.000000
-142.658477, -46.352549, -150.000000
-121.352549, -88.167788, -150.000000
-88.167788, -121.352549, -150.000000
-46.352549, -142.658477, -150.000000
-0.000000, -150.000000, -150.000000
46.352549, -142.658477, -150.000000
88.167788, -121.352549, -150.000000
121.352549, -88.167788, -150.000000
142.658477, -46.352549, -150.000000
150.000000, -0.000000, -150.000000
142.658477, 46.352549, -150.000000
121.352549, 88.167788, -150.000000
88.167788, 121.352549, -150.000000
46.352549, 142.658477, -150.000000
0.000000, 150.000000, -150.000000
-46.352549, 142.658477, -150.000000
-88.167788, 121.352549, -150.000000
-121.352549, 88.167788, -150.000000
-142.658477, 46.352549, -150.000000
-160.000000, 0.000000, -160.000000
-152.169043, -49.442719, -160.000000
-129.442719, -94.045640, -160.000000
-94.045640, -129.442719, -160.000000
-49.442719, -152.169043, -160.000000
-0.000000, -160.000000, -160.000000
49.442719, -152.169043, -160.000000
94.045640, -129.442719, -160.000000
129.442719, -94.045640, -160.000000
152.169043, -49.442719, -160.000000
160.000000, -0.000000, -160.000000
152.169043, 49.442719, -160.000000
129.442719, 94.045640, -160.000000
94.045640, 129.442719, -160.000000
49.442719, 152.169043, -160.000000
0.000000, 160.000000, -160.000000
-49.442719, 152.169043, -160.000000
-94.045640, 129.442719, -160.000000
-129.442719, 94.045640, -160.000000
-152.169043, 49.442719, -160.000000
-170.000000, 0.000000, -170.000000
-161.679608, -52.532889, -170.000000
-137.532889, -99.923493, -170.000000
-99.923493, -137.532889, -170.000000
-52.532889, -161.679608, -170.000000
-0.000000, -170.000000, -170.000000
52.532889, -161.679608, -170.000000
99.923493, -137.532889, -170.000000
137.532889, -99.923493, -170.000000
161.679608, -52.532889, -170.000000
170.000000, -0.000000, -170.000000
161.679608, 52.532889, -170.000000
137.532889, 99.923493, -170.000000
99.923493, 137.532889, -170.000000
52.532889, 161.679608, -170.000000
0.000000, 170.000000, -170.000000
-52.532889, 161.679608, -170.000000
-99.923493, 137.532889, -170.000000
-137.532889, 99.923493, -170.000000
-161.679608, 52.532889, -170.000000
-180.000000, 0.000000, -180.000000
-171.190173, -55.623059, -180.000000
-145.623059, -105.801345, -180.000000
-105.801345, -145.623059, -180.000000
-55.623059, -171.190173, -180.000000
-0.000000, -180.000000, -180.000000
55.623059, -171.190173, -180.000000
105.801345, -145.623059, -180.000000
145.623059, -105.801345, -180.000000
171.190173, -55.623059, -180.000000
180.000000, -0.000000, -180.000000
171.190173, 55.623059, -180.000000
145.623059, 105.801345, -180.000000
105.801345, 145.623059, -180.000000
55.623059, 171.190173, -180.000000
0.000000, 180.000000, -180.000000
-55.623059, 171.190173, -180.000000
-105.801345, 145.623059, -180.000000
-145.623059, 105.801345, -180.000000
-171.190173, 55.623059, -180.000000
-190.000000, 0.000000, -190.000000
-180.700738, -58.713229, -190.000000
-153.713229, -111.679198, -190.000000
-111.679198, -153.713229, -190.000000
-58.713229, -180.700738, -190.000000
-0.000000, -190.000000, -190.000000
58.713229, -180.700738, -190.000000
111.679198, -153.713229, -190.000000
153.713229, -111.679198, -190.000000
180.700738, -58.713229, -190.000000
190.000000, -0.000000, -190.000000
180.700738, 58.713229, -190.000000
153.713229, 111.679198, -190.000000
111.679198, 153.713229, -190.000000
58.713229, 180.700738, -190.000000
0.000000, 190.000000, -190.000000
-58.713229, 180.700738, -190.000000
-111.679198, 153.713229, -190.000000
-153.713229, 111.679198, -190.000000
-180.700738, 58.713229, -190.000000
-200.000000, 0.000000, -200.000000
-190.211303, -61.803399, -200.000000
-161.803399, -117.557050, -200.000000
-117.557050, -161.803399, -200.000000
-61.803399, -190.211303, -200.000000
-0.000000, -200.000000, -200.000000
61.803399, -190.211303, -200.000000
117.557050, -161.803399, -200.000000
161.803399, -117.557050, -200.000000
190.211303, -61.803399, -200.000000
200.000000, -0.000000, -200.000000
190.211303, 61.803399, -200.000000
161.803399, 117.557050, -200.000000
117.557050, 161.803399, -200.000000
61.803399, 190.211303, -200.000000
0.000000, 200.000000, -200.000000
-61.803399, 190.211303, -200.000000
-117.557050, 161.803399, -200.000000
-161.803399, 117.557050, -200.000000
-190.211303, 61.803399, -200.000000
-210.000000, 0.000000, -210.000000
-199.721868, -64.893569, -210.000000
-169.893569, -123.434903, -210.000000
-123.434903, -169.893569, -210.000000
-64.893569, -199.721868, -210.000000
-0.000000, -210.000000, -210.000000
64.893569, -199.721868, -210.000000
123.434903, -169.893569, -210.000000
169.893569, -123.434903, -210.000000
199.721868, -64.893569, -210.000000
210.000000, -0.000000, -210.000000
199.721868, 64.893569, -210.000000
169.893569, 123.434903, -210.000000
123.434903, 169.893569, -210.000000
64.893569, 199.721868, -210.000000
0.000000, 210.000000, -210.000000
-64.893569, 199.721868, -210.000000
-123.434903, 169.893569, -210.000000
-169.893569, 123.434903, -210.000000
-199.721868, 64.893569, -210.000000
-220.000000, 0.000000, -220.000000
-209.232434, -67.983739, -220.000000
-177.983739, -129.312756, -220.000000
-129.312756, -177.983739, -220.000000
-67.983739, -209.232434, -220.000000
-0.000000, -220.000000, -220.000000
67.983739, -209.232434, -220.000000
129.312756, -177.983739, -220.000000
177.983739, -129.312756, -220.000000
209.232434, -67.983739, -220.000000
220.000000, -0.000000, -220.000000
209.232434, 67.983739, -220.000000
177.983739, 129.312756, -220.000000
129.312756, 177.983739, -220.000000
67.983739, 209.232434, -220.000000
0.000000, 220.000000, -220.000000
-67.983739, 209.232434, -220.000000
-129.312756, 177.983739, -220.000000
-177.983739, 129.312756, -220.000000
-209.232434, 67.983739, -220.000000
-230.000000, 0.000000, -230.000000
-218.742999, -71.073909, -230.000000
-186.073909, -135.190608, -230.000000
-135.190608, -186.073909, -230.000000
-71.073909, -218.742999, -230.000000
-0.000000, -230.000000, -230.000000
71.073909, -218.742999, -230.000000
135.190608, -186.073909, -230.000000
186.073909, -135.190608, -230.000000
218.742999, -71.073909, -230.000000
230.000000, -0.000000, -230.000000
218.742999, 71.073909, -230.000000
186.073909, 135.190608, -230.000000
135.190608, 186.073909, -230.000000
71.073909, 218.742999, -230.000000
0.000000, 230.000000, -230.000000
-71.073909, 218.742999, -230.000000
-135.190608, 186.073909, -230.000000
-186.073909, 135.190608, -230.000000
-218.742999, 71.073909, -230.000000
-240.000000, 0.000000, -240.000000
-228.253564, -74.164079, -240.000000
-194.164079, -141.068461, -240.000000
-141.068461, -194.164079, -240.000000
-74.164079, -228.253564, -240.000000
-0.000000, -240.000000, -240.000000
74.164079, -228.253564, -240.000000
141.068461, -194.164079, -240.000000
194.164079, -141.068461, -240.000000
228.253564, -74.164079, -240.000000
240.000000, -0.000000, -240.000000
228.253564, 74.164079, -240.000000
194.164079, 141.068461, -240.000000
141.068461, 194.164079, -240.000000
74.164079, 228.253564, -240.000000
0.000000, 240.000000, -240.000000
-74.164079, 228.253564, -240.000000
-141.068461, 194.164079, -240.000000
-194.164079, 141.068461, -240.000000
-228.253564, 74.164079, -240.000000
0.000000, 0.000000, -250.000000
faces
1, 2, 3, 4, 5, 6, 7, 8, 9, 10, 11, 12, 13, 14, 15, 16, 17, 18, 19, 20
21, 22, 23, 24, 25, 26, 27, 28, 29, 30, 31, 32, 33, 34, 35, 36, 37, 38, 39, 40
41, 42, 43, 44, 45, 46, 47, 48, 49, 50, 51, 52, 53, 54, 55, 56, 57, 58, 59, 60
61, 62, 63, 64, 65, 66, 67, 68, 69, 70, 71, 72, 73, 74, 75, 76, 77, 78, 79, 80
81, 82, 83, 84, 85, 86, 87, 88, 89, 90, 91, 92, 93, 94, 95, 96, 97, 98, 99, 100
101, 102, 103, 104, 105, 106, 107, 108, 109, 110, 111, 112, 113, 114, 115, 116, 117, 118, 119, 120
121, 122, 123, 124, 125, 126, 127, 128, 129, 130, 131, 132, 133, 134, 135, 136, 137, 138, 139, 140
141, 142, 143, 144, 145, 146, 147, 148, 149, 150, 151, 152, 153, 154, 155, 156, 157, 158, 159, 160
161, 162, 163, 164, 165, 166, 167, 168, 169, 170, 171, 172, 173, 174, 175, 176, 177, 178, 179, 180
181, 182, 183, 184, 185, 186, 187, 188, 189, 190, 191, 192, 193, 194, 195, 196, 197, 198, 199, 200
201, 202, 203, 204, 205, 206, 207, 208, 209, 210, 211, 212, 213, 214, 215, 216, 217, 218, 219, 220
221, 222, 223, 224, 225, 226, 227, 228, 229, 230, 231, 232, 233, 234, 235, 236, 237, 238, 239, 240
241, 242, 243, 244, 245, 246, 247, 248, 249, 250, 251, 252, 253, 254, 255, 256, 257, 258, 259, 260
261, 262, 263, 264, 265, 266, 267, 268, 269, 270, 271, 272, 273, 274, 275, 276, 277, 278, 279, 280
281, 282, 283, 284, 285, 286, 287, 288, 289, 290, 291, 292, 293, 294, 295, 296, 297, 298, 299, 300
301, 302, 303, 304, 305, 306, 307, 308, 309, 310, 311, 312, 313, 314, 315, 316, 317, 318, 319, 320
321, 322, 323, 324, 325, 326, 327, 328, 329, 330, 331, 332, 333, 334, 335, 336, 337, 338, 339, 340
341, 342, 343, 344, 345, 346, 347, 348, 349, 350, 351, 352, 353, 354, 355, 356, 357, 358, 359, 360
361, 362, 363, 364, 365, 366, 367, 368, 369, 370, 371, 372, 373, 374, 375, 376, 377, 378, 379, 380
381, 382, 383, 384, 385, 386, 387, 388, 389, 390, 391, 392, 393, 394, 395, 396, 397, 398, 399, 400
401, 402, 403, 404, 405, 406, 407, 408, 409, 410, 411, 412, 413, 414, 415, 416, 417, 418, 419, 420
421, 422, 423, 424, 425, 426, 427, 428, 429, 430, 431, 432, 433, 434, 435, 436, 437, 438, 439, 440
441, 442, 443, 444, 445, 446, 447, 448, 449, 450, 451, 452, 453, 454, 455, 456, 457, 458, 459, 460
461, 462, 463, 464, 465, 466, 467, 468, 469, 470, 471, 472, 473, 474, 475, 476, 477, 478, 479, 480
481, 482, 483, 484, 485, 486, 487, 488, 489, 490, 491, 492, 493, 494, 495, 496, 497, 498, 499, 500
501, 502, 503, 504, 505, 506, 507, 508, 509, 510, 511, 512, 513, 514, 515, 516, 517, 518, 519, 520
521, 522, 523, 524, 525, 526, 527, 528, 529, 530, 531, 532, 533, 534, 535, 536, 537, 538, 539, 540
541, 542, 543, 544, 545, 546, 547, 548, 549, 550, 551, 552, 553, 554, 555, 556, 557, 558, 559, 560
561, 562, 563, 564, 565, 566, 567, 568, 569, 570, 571, 572, 573, 574, 575, 576, 577, 578, 579, 580
581, 582, 583, 584, 585, 586, 587, 588, 589, 590, 591, 592, 593, 594, 595, 596, 597, 598, 599, 600
601, 602, 603, 604, 605, 606, 607, 608, 609, 610, 611, 612, 613, 614, 615, 616, 617, 618, 619, 620
621, 622, 623, 624, 625, 626, 627, 628, 629, 630, 631, 632, 633, 634, 635, 636, 637, 638, 639, 640
641, 642, 643, 644, 645, 646, 647, 648, 649, 650, 651, 652, 653, 654, 655, 656, 657, 658, 659, 660
661, 662, 663, 664, 665, 666, 667, 668, 669, 670, 671, 672, 673, 674, 675, 676, 677, 678, 679, 680
681, 682, 683, 684, 685, 686, 687, 688, 689, 690, 691, 692, 693, 694, 695, 696, 697, 698, 699, 700
701, 702, 703, 704, 705, 706, 707, 708, 709, 710, 711, 712, 713, 714, 715, 716, 717, 718, 719, 720
721, 722, 723, 724, 725, 726, 727, 728, 729, 730, 731, 732, 733, 734, 735, 736, 737, 738, 739, 740
741, 742, 743, 744, 745, 746, 747, 748, 749, 750, 751, 752, 753, 754, 755, 756, 757, 758, 759, 760
761, 762, 763, 764, 765, 766, 767, 768, 769, 770, 771, 772, 773, 774, 775, 776, 777, 778, 779, 780
781, 782, 783, 784, 785, 786, 787, 788, 789, 790, 791, 792, 793, 794, 795, 796, 797, 798, 799, 800
801, 802, 803, 804, 805, 806, 807, 808, 809, 810, 811, 812, 813, 814, 815, 816, 817, 818, 819, 820
821, 822, 823, 824, 825, 826, 827, 828, 829, 830, 831, 832, 833, 834, 835, 836, 837, 838, 839, 840
841, 842, 843, 844, 845, 846, 847, 848, 849, 850, 851, 852, 853, 854, 855, 856, 857, 858, 859, 860
861, 862, 863, 864, 865, 866, 867, 868, 869, 870, 871, 872, 873, 874, 875, 876, 877, 878, 879, 880
881, 882, 883, 884, 885, 886, 887, 888, 889, 890, 891, 892, 893, 894, 895, 896, 897, 898, 899, 900
901, 902, 903, 904, 905, 906, 907, 908, 909, 910, 911, 912, 913, 914, 915, 916, 917, 918, 919, 920
921, 922, 923, 924, 925, 926, 927, 928, 929, 930, 931, 932, 933, 934, 935, 936, 937, 938, 939, 940
941, 942, 943, 944, 945, 946, 947, 948, 949, 950, 951, 952, 953, 954, 955, 956, 957, 958, 959, 960
961, 962, 963, 964, 965, 966, 967, 968, 969, 970, 971, 972, 973, 974, 975, 976, 977, 978, 979, 980
981, 982, 983, 984, 985, 986, 987, 988, 989, 990, 991, 992, 993, 994, 995, 996, 997, 998, 999, 1000
