vertices
250.000000, 0.000000, 250.000000
237.764129, 77.254249, 250.000000
202.254249, 146.946313, 250.000000
146.946313, 202.254249, 250.000000
77.254249, 237.764129, 250.000000
0.000000, 250.000000, 250.000000
-77.254249, 237.764129, 250.000000
-146.946313, 202.254249, 250.000000
-202.254249, 146.946313, 250.000000
-237.764129, 77.254249, 250.000000
-250.000000, 0.000000, 250.000000
-237.764129, -77.254249, 250.000000
-202.254249, -146.946313, 250.000000
-146.946313, -202.254249, 250.000000
-77.254249, -237.764129, 250.000000
-0.000000, -250.000000, 250.000000
77.254249, -237.764129, 250.000000
146.946313, -202.254249, 250.000000
202.254249, -146.946313, 250.000000
237.764129, -77.254249, 250.000000
250.000000, 0.000000, -250.000000
237.764129, 77.254249, -250.000000
202.254249, 146.946313, -250.000000
146.946313, 202.254249, -250.000000
77.254249, 237.764129, -250.000000
0.000000, 250.000000, -250.000000
-77.254249, 237.764129, -250.000000
-146.946313, 202.254249, -250.000000
-202.254249, 146.946313, -250.000000
-237.764129, 77.254249, -250.000000
-250.000000, 0.000000, -250.000000
-237.764129, -77.254249, -250.000000
-202.254249, -146.946313, -250.000000
-146.946313, -202.254249, -250.000000
-77.254249, -237.764129, -250.000000
-0.000000, -250.000000, -250.000000
77.254249, -237.764129, -250.000000
146.946313, -202.254249, -250.000000
202.254249, -146.946313, -250.000000
237.764129, -77.254249, -250.000000
faces
0, 1, 2, 3, 4, 5, 6, 7, 8, 9, 10, 11, 12, 13, 14, 15, 16, 17, 18, 19
20, 21, 22, 23, 24, 25, 26, 27, 28, 29, 30, 31, 32, 33, 34, 35, 36, 37, 38, 39
0, 2, 20, 22
1, 3, 21, 23
2, 4, 22, 24
3, 5, 23, 25
4, 6, 24, 26
5, 7, 25, 27
6, 8, 26, 28
7, 9, 27, 29
8, 10, 28, 30
9, 11, 29, 31
10, 12, 30, 32
11, 13, 31, 33
12, 14, 32, 34
13, 15, 33, 35
14, 16, 34, 36
15, 17, 35, 37
16, 18, 36, 38
17, 19, 37, 39
18, 20, 38, 40
19, 0, 39, 20
